41 3 18
0 1 -0.022169 0.054795 0.125849 -0.082614 -0.268769 0.100391 0.091359 0.483944 -0.285217 0.634374 1.020095 -2.255532 1.238431 7.208717 -5.534344 4.124629 -3.079787 -14.742499
1 1 8.066549 15.428730 1.637152 -41.789806 -20.476982 29.782507 6.354787 0.423925 1.414162 8.231317 -2.993569 -11.321405 0.779411 3.895771 0.143013 -0.955692 0.752576 -2.464230
2 1 -5.196918 -6.782001 -0.796638 1.330839 1.039518 -0.600769 0.712118 0.907369 0.565371 1.030790 1.909981 -2.471138 -3.022198 2.198467 0.568339 -0.276851 0.232317 -0.699684
3 1 2.100910 4.501910 10.677865 -19.745365 -20.513699 9.772591 6.284816 5.779588 -0.121676 0.419812 -0.924838 -7.124274 0.557853 5.348037 1.359968 0.304828 -1.529729 -2.949842
4 1 -27.048853 -31.245134 22.225872 6.182396 4.613425 -6.962172 -4.104176 5.446224 1.721876 -0.108761 1.946200 2.888911 -5.749194 -3.064596 1.531263 5.727904 19.551817 -9.262957
5 1 -35.251221 -21.781969 12.903291 11.919530 3.367885 -5.328550 -1.633298 2.497516 2.431502 0.870662 1.921940 -0.708685 -4.428473 0.384866 1.537059 0.430880 0.439673 -1.108353
6 1 -36.840492 -12.549289 12.732819 4.793143 11.800017 -9.690578 -2.291193 7.311369 4.507274 -8.146992 -4.861989 4.276205 -2.943247 4.052817 4.634509 -2.556271 -4.172003 0.023038
7 1 -3.348688 -29.387430 -9.398317 22.497051 1.189727 -3.215732 0.264842 0.372986 2.745977 2.240032 4.320049 -2.505733 -5.874621 0.724218 -2.569683 3.025318 9.579777 -1.170675
8 1 -4.134782 -1.467030 0.784649 -7.989290 4.655470 -2.529276 -3.735700 6.635450 4.961584 -2.925087 -5.627452 1.315195 0.532901 1.845519 0.766360 0.937036 -1.255028 -2.087035
9 1 6.270461 -5.774518 -5.346277 13.891343 -4.882515 -11.126411 -3.038261 9.204149 4.540439 -10.236600 -2.620123 2.252758 3.396036 1.759984 2.921105 1.406078 -8.005101 -3.319698
10 1 6.794906 16.184164 -7.172225 -34.569874 -13.230274 14.037589 10.342808 2.683277 0.261833 4.027537 -2.142869 -12.604165 1.386103 9.200617 2.275896 0.627887 -2.555510 -4.809808
11 1 1.783103 3.919337 -3.192766 -9.736848 -1.283401 5.790609 1.440945 -0.315523 0.904015 2.318813 -2.476191 -2.959840 1.667580 1.127555 0.150509 -0.468819 0.493165 -0.605096
12 1 2.181416 10.649570 -5.620243 -19.917406 -4.029287 24.436769 -5.149572 -19.226273 13.702122 0.239075 -7.733417 -0.380394 2.818729 3.002015 4.385730 2.632056 -6.622903 -4.657727
13 1 -8.881354 -57.534878 -15.242326 52.365795 -6.338606 -18.980539 9.649138 2.673711 4.085572 2.971052 3.009377 -4.698894 -5.708275 0.594571 1.879873 1.053082 2.122682 -2.326058
14 2 -0.060194 0.072775 -0.060041 0.052978 -0.027958 -0.082430 0.093753 0.071967 0.006033 -0.048925 0.063410 -0.052566 0.150011 0.033865 -0.283675 0.130975 0.690405 0.380192
15 2 -0.142223 0.308008 -0.201910 -0.535279 0.267998 -0.518167 0.154607 0.847028 0.131635 -0.048098 1.182624 7.862851 -0.903373 -16.532314 -1.130559 9.780300 1.839576 -2.615327
16 2 -4.420618 -4.685140 0.248361 4.272215 0.326451 -1.247639 0.177399 0.193510 0.758081 0.397607 -0.385067 -0.267492 0.338302 1.557060 -0.579875 0.940375 14.845677 -2.182068
17 2 1.506295 -1.748154 3.515752 1.240929 -13.421658 0.247302 4.998116 0.108497 3.231555 1.606508 -2.108708 -2.785250 0.150268 -0.566339 0.735807 1.678888 -0.015036 -2.073838
18 2 1.888027 11.090172 1.996496 -26.456503 -7.881934 15.671533 0.610710 0.921400 2.501047 3.237800 -3.168033 -4.962251 2.235656 2.348085 -1.563871 -1.565143 1.923362 -0.897819
19 2 2.650972 4.066787 -1.786814 -7.961133 -3.469318 0.247782 1.253713 4.763692 0.434623 -1.392141 -4.785470 -2.996250 3.045415 3.475221 2.688026 0.927314 -4.095304 -3.015996
20 2 4.209508 0.627173 -12.281065 -11.258758 -1.618317 7.321046 5.925272 -0.343852 0.833160 3.505573 0.321050 -6.692587 -1.537679 6.593676 -0.638897 0.741293 6.450543 2.142320
21 2 -3.514810 -4.674078 -2.714703 3.180813 0.447734 0.541348 0.139385 0.950601 1.753379 1.225820 -0.561277 -0.714152 0.802790 -0.068734 -3.375785 -0.733511 3.043089 -0.610144
22 2 -2.887949 -0.536613 -19.352047 7.376547 6.926145 -6.574958 3.837263 0.427468 3.554197 2.505718 3.141210 -6.843300 -6.988708 5.474877 0.000205 -1.292583 2.762170 -0.986128
23 2 -4.018923 -21.322865 -3.048203 15.378565 0.756197 -3.228914 -0.107473 0.036992 2.320504 0.718040 0.162377 0.430091 -1.697703 0.140262 1.431030 -0.154288 0.223462 -2.173233
24 2 0.720076 1.563912 0.825460 -4.825184 3.193148 -5.181979 -3.258430 13.104850 -5.591646 -9.504635 0.639123 2.218091 1.301915 2.433746 4.598219 0.704989 -7.675422 -2.828661
25 2 2.639984 -0.487256 1.201892 1.292639 -6.041140 -1.175751 0.648748 4.513146 -3.684705 -4.442541 2.993256 -1.990463 0.880380 2.552634 3.012621 0.344278 -4.568178 -1.514394
26 2 0.304937 -4.841280 3.240928 3.924729 0.128858 -13.635194 3.165111 6.685250 -8.469745 1.431379 -3.491403 -0.096008 3.007381 3.273543 5.701818 -1.430140 -7.981488 -0.446126
27 2 4.167443 0.325512 -9.068886 4.303348 -2.298924 -3.509700 4.502577 1.324844 -1.506138 -3.239235 0.294748 -1.177191 1.546240 1.525229 2.863388 0.429596 -3.824041 -1.518596
28 2 7.962889 2.052892 -4.998315 -11.398688 -6.893092 8.717603 2.397177 1.865154 3.565538 6.022618 -7.215917 -10.256719 4.233788 5.489409 -1.954270 -0.872986 1.874206 -2.107051
29 3 -0.388589 -2.307941 0.902675 0.669481 -0.994494 0.608516 -0.162684 0.442758 0.763703 1.210387 0.983531 -3.133864 0.017374 9.024469 -8.935917 -7.962290 6.914181 -0.359608
30 3 3.277521 8.063280 -2.709073 -15.377755 -11.811451 3.236379 10.397125 0.677767 1.767834 6.048185 -2.870744 -9.254571 0.767813 3.765521 -0.049442 2.805010 -0.931248 -3.252730
31 3 4.913262 -7.800986 -12.429392 7.758520 -3.729513 -2.059249 5.418632 1.172369 1.959161 4.645295 0.791446 -8.236258 -3.924466 4.120878 -1.251377 -0.029841 3.713142 -2.736987
32 3 3.954031 34.225441 -10.062835 -61.778595 5.898634 24.749468 -0.170601 4.467352 -2.165412 5.300277 -2.943818 -14.668466 5.380876 7.439675 2.618616 0.038656 -4.599283 -3.404246
33 3 3.613601 -23.671078 -17.082762 24.799313 -3.031639 -4.298122 4.179309 0.331641 1.897856 1.345900 2.592542 -3.675005 -2.934019 2.829322 -0.839148 1.838549 2.768337 -3.623900
34 3 -9.131884 0.664902 -5.746478 -10.431129 9.021515 -0.567578 1.963535 1.029617 1.731933 1.213188 -0.486294 -0.373928 -2.116261 0.382538 -1.148011 -0.896852 2.538294 -0.590478
35 3 -11.465519 -11.714774 -5.380284 15.647609 -1.254371 -9.516554 6.589104 0.665444 1.388526 0.921690 1.305572 -0.760552 -1.445267 0.221948 -0.807852 2.613296 18.305683 -7.825239
36 3 -1.225890 4.318980 4.276627 -5.397541 -11.841771 -0.789607 5.327037 3.776960 1.483658 -4.147707 -0.981463 0.030107 0.725962 -0.113705 1.644536 2.792596 -3.476853 -2.650684
37 3 1.520509 1.657164 4.324886 -8.695255 -8.794692 5.128050 1.997708 0.581686 -1.217567 4.761118 -3.702690 -6.712650 4.215145 2.858955 1.753474 0.481715 -3.042444 -2.054720
38 3 2.209424 -4.531615 1.285332 3.878819 -4.357121 3.682808 -9.969449 -3.454258 13.473500 -1.326703 -7.133940 -0.401941 2.512701 0.890734 2.184883 1.179676 -2.887229 -2.048046
39 3 5.150193 0.272939 -0.693542 -5.931252 -7.781031 7.830845 -5.723690 -7.262546 15.814480 3.492800 -14.983099 -2.232310 5.615019 2.637228 2.930370 2.362412 -4.512616 -4.315572
40 3 2.938887 1.354271 -2.245201 -17.322609 -3.362007 11.948630 1.563755 0.805551 1.187546 1.874072 1.700125 -4.437547 -0.328562 -0.041448 -4.381387 3.010323 2.648098 -1.482790
